27.29
32.15
30.17
26.89
148.86
27.87
38.45
26.08
29.90
23.66
27.90
25.38
27.61
25.17
25.53
24.65
23.89
28.19
23.58
24.12
18.55
32.34
23.80
21.43
21.84
25.45
25.40
100.48
36.28
24.63
34.83
23.74
26.00
24.22
29.02
23.25
24.62
32.07
35.00
21.36
24.36
30.07
37.34
37.81
62.22
30.80
42.22
26.80
30.51
26.00
29.14
27.31
27.05
32.66
36.07
37.44
37.36
35.56
40.37
40.26
35.91
38.25
34.06
64.25
31.38
37.32
34.78
33.15
34.96
36.37
31.36
33.73
45.26
41.54
40.01
32.72
59.09
39.59
34.75
53.33
37.05
36.67
38.99
35.89
29.99
30.81
31.11
28.92
38.52
32.78
31.70
37.12
41.20
39.92
30.18
31.92
35.91
52.62
32.62
35.83
30.37
32.99
36.18
29.99
35.17
37.70
31.71
27.26
29.62
28.26
34.32
34.02
34.54
35.00
29.56
36.23
31.49
29.41
30.86
28.17
26.98
29.28
31.57
26.31
28.75
24.14
27.12
28.16
40.20
32.07
28.35
33.90
29.79
28.59
30.44
28.87
25.33
