18.55
21.36
21.43
21.84
23.25
23.58
23.66
23.74
23.80
23.89
27.24
26.91
24.72
28.98
32.67
28.53
29.45
29.44
29.68
35.76
36.72
24.62
32.07
35.00
21.36
24.36
30.07
37.34
37.81
62.22
30.80
42.22
26.80
30.51
26.00
29.14
27.31
27.05
32.66
36.07
37.44
37.36
35.56
40.37
40.26
35.91
38.25
34.06
64.25
31.38
37.32
34.78
33.15
34.96
36.37
31.36
33.73
45.26
41.54
40.01
32.72
59.09
39.59
34.75
53.33
37.05
36.67
38.99
35.89
29.99
30.81
31.11
28.92
38.52
32.78
31.70
37.12
41.20
39.92
30.18
31.92
35.91
52.62
32.62
35.83
30.37
32.99
36.18
29.99
35.17
37.70
31.71
27.26
29.62
28.26
34.32
34.02
34.54
35.00
29.56
36.23
31.49
29.41
30.86
28.17
26.98
29.28
31.57
26.31
28.75
24.14
27.12
28.16
40.20
32.07
28.35
33.90
29.79
28.59
30.44
28.87
25.33
36.13
35.80
30.68
31.92
30.50
30.12
30.47
29.00
33.28
26.92
34.59
33.57
31.52
35.98
29.31
32.72
24.44
28.15
28.10
27.09
32.37
